1497504152	30.68	9265.8	.90	273.56	0.0295242
1497504257	30.68	9265.8	.90	273.56	0.0295242
1497505207	36.94	9265.8	1.09	273.56	0.0295242
1497506407	43.45	9265.8	1.28	273.56	0.0295242
1497507606	46.54	9265.8	1.37	273.56	0.0295242
1497508240	46.54	9265.8	1.18	236.28	0.0255007
1497508807	50.42	9265.8	1.28	236.28	0.0255007
1497509088	51.70	9265.8	1.31	236.28	0.0255007
1497510006	57.24	9265.8	1.45	236.28	0.0255007
1497511206	60.03	9265.8	1.53	236.28	0.0255007
1497512406	63.87	9265.8	1.62	236.28	0.0255007
1497513606	68.45	9265.8	1.74	236.28	0.0255007
1497514807	73.74	9265.8	1.88	236.28	0.0255007
1497516006	76.06	9265.8	1.93	236.28	0.0255007
1497517207	80.77	9265.8	2.05	236.28	0.0255007
1497518408	82.08	9265.8	2.09	236.28	0.0255007
1497519607	88.19	9265.8	2.24	236.28	0.0255007
1497520813	95.40	9265.8	2.43	236.28	0.0255007
1497522007	100.83	9265.8	2.57	236.28	0.0255007
1497523206	112.38	9265.8	2.86	236.28	0.0255007
1497524407	121.90	9265.8	3.10	236.28	0.0255007
1497525606	126.21	9265.8	3.21	236.28	0.0255007
1497526806	132.24	9265.8	3.37	236.28	0.0255007
1497528006	136.90	9265.8	3.49	236.28	0.0255007
1497529206	144.32	9265.8	3.68	236.28	0.0255007
1497530406	144.32	9265.8	3.68	236.28	0.0255007
1497531606	147.84	9265.8	3.77	236.28	0.0255007
