1497504152	.12983	1.7228	45.43	602.95	349.983
1497504257	.12983	1.7228	45.43	602.95	349.983
1497505207	.13192	1.7228	46.16	602.95	349.983
1497506407	.13313	1.7228	46.59	602.95	349.983
1497507606	.13428	1.7228	46.99	602.95	349.983
1497508240	.13428	1.7228	43.74	561.29	325.804
1497508807	.13562	1.7228	44.18	561.29	325.804
1497509088	.13562	1.7228	44.18	561.29	325.804
1497510006	.13715	1.7228	44.68	561.29	325.804
1497511206	.13813	1.7228	45.00	561.29	325.804
1497512406	.13938	1.7228	45.41	561.29	325.804
1497513606	.14026	1.7228	45.69	561.29	325.804
1497514807	.14138	1.7228	46.06	561.29	325.804
1497516006	.14298	1.7228	46.58	561.29	325.804
1497517207	.14406	1.7228	46.93	561.29	325.804
1497518408	.14517	1.7228	47.29	561.29	325.804
1497519607	.14621	1.7228	47.63	561.29	325.804
1497520813	.14726	1.7228	47.97	561.29	325.804
1497522007	.14826	1.7228	48.30	561.29	325.804
1497523206	.15001	1.7228	48.87	561.29	325.804
1497524407	.15136	1.7228	49.31	561.29	325.804
1497525606	.15280	1.7228	49.78	561.29	325.804
1497526806	.15389	1.7228	50.13	561.29	325.804
1497528006	.15524	1.7228	50.57	561.29	325.804
1497529206	.15663	1.7228	51.03	561.29	325.804
1497530406	.15783	1.7228	51.42	561.29	325.804
1497531606	.15892	1.7228	51.77	561.29	325.804
1497532806	.16021	1.7228	52.19	561.29	325.804
1497534006	.16105	1.7228	52.47	561.29	325.804
1497535207	.16221	1.7228	52.84	561.29	325.804
1497536406	.16330	1.7228	53.20	561.29	325.804
1497537607	.16516	1.7228	53.80	561.29	325.804
1497538807	.16570	1.7228	53.98	561.29	325.804
1497540007	.16710	1.7228	54.44	561.29	325.804
1497541207	.16791	1.7228			
1497542407	.16913	1.7228			
1497543607	.17059	1.7228			
1497544807	.17114	1.7228			
1497546007	.17242	1.7228			
1497547207	.17297	1.7228			
1497548537	.17441	1.7228			
1497549738	.17609	1.7228			
1497550938	.17658	1.7228			
1497552138	.17741	1.7228			
1497553249	.17844	1.7228	58.57	565.49	328.244
1497553338	.17844	1.7228	58.57	565.49	328.244
1497553636	.17861	1.7228	58.62	565.49	328.244
1497554409	.17959	1.7228	58.94	565.49	328.244
1497555609	.18032	1.7228	59.18	565.49	328.244
1497556810	.18141	1.7228	59.54	565.49	328.244
1497558015	.18223	1.7228	61.38	580.32	336.85
1497559210	.18368	1.7228	61.87	580.32	336.85
1497560409	.18495	1.7228	62.30	580.32	336.85
1497561607	.18575	1.7228	62.56	580.32	336.85
1497562811	.18621	1.7228	65.61	607.03	352.353
1497564007	.18711	1.7228	65.92	607.03	352.353
1497565207	.18854	1.7228	66.43	607.03	352.353
1497566407	.18916	1.7228	66.65	607.03	352.353
1497567612	.19040	1.7228	67.84	613.86	356.319
1497568806	.19204	1.7228	68.42	613.86	356.319
1497570009	.19287	1.7228	68.72	613.86	356.319
1497571215	.19438	1.7228	70.35	623.53	361.933
1497572407	.19540	1.7228	70.72	623.53	361.933
1497573607	.19629	1.7228	71.04	623.53	361.933
1497574807	.19753	1.7228	71.49	623.53	361.933
1497576012	.19888	1.7228	70.35	609.46	353.767
1497577207	.19986	1.7228	70.70	609.46	353.767
1497578407	.20156	1.7228	71.30	609.46	353.767
1497579606	.20265	1.7228	71.69	609.46	353.767
1497580833	.20341	1.7228	70.14	594.11	344.857
1497582007	.20465	1.7228	70.57	594.11	344.857
1497583207	.20554	1.7228	70.88	594.11	344.857
1497584449	.20628	1.7228	72.70	607.20	352.454
1497585607	.20730	1.7228	73.06	607.20	352.454
1497586812	.20856	1.7228	73.50	607.20	352.454
1497588016	.20943	1.7228	73.81	607.20	352.454
1497589238	.21086	1.7228	74.61	609.64	353.866
