1497504152	0	3458.3	0	97.25	0.028121
1497504257	0	3458.3	0	97.25	0.028121
1497505207	0	3458.3	0	97.25	0.028121
1497506407	0	3458.3	0	97.25	0.028121
1497507606	0	3458.3	0	97.25	0.028121
1497508240	0	3458.3	0	88.32	0.0255407
1497508807	0	3458.3	0	88.32	0.0255407
1497509088	0	3458.3	0	88.32	0.0255407
1497510006	0	3458.3	0	88.32	0.0255407
1497511206	0	3458.3	0	88.32	0.0255407
1497512406	0	3458.3	0	88.32	0.0255407
1497513606	0	3458.3	0	88.32	0.0255407
1497514807	0	3458.3	0	88.32	0.0255407
1497516006	0	3458.3	0	88.32	0.0255407
1497517207	0	3458.3	0	88.32	0.0255407
1497518408	0	3458.3	0	88.32	0.0255407
1497519607	0	3458.3	0	88.32	0.0255407
1497520813	0	3458.3	0	88.32	0.0255407
