1497503630 1102.32
1497504006 1102.93
1497504152 1102.93
1497504257 1102.93
1497505207 1103.93
1497506407 1104.59
1497507606 1105.09
1497508240 1005.89
1497508807 1006.43
1497509088 1006.46
1497510006 1007.10
1497511206 1007.50
1497512406 1008.32
1497513606 1008.78
1497514807 1009.41
1497516006 1010.11
1497517207 1010.68
1497518408 1011.11
1497519607 1011.61
1497520813 1012.18
1497522007 1012.69
1497523206 1013.57
1497524407 1014.31
1497525606 1014.97
1497526806 1015.55
1497528006 1016.13
1497529206 1016.85
1497530406 1017.27
1497531606 1017.86
1497532806 1018.51
1497534006 1018.90
1497535207 1019.57
1497536406 1020.11
1497537607 1020.87
1497538807 1021.22
1497540007 1021.75
1497541207
1497542407
1497543607
