1497504152	1.4068	38.39	2.92	79.92	2.08203
1497504257	1.4068	38.39	2.92	79.92	2.08203
1497505207	1.4410	38.39	3.00	79.92	2.08203
1497506407	1.4608	38.39	3.04	79.92	2.08203
1497507606	1.4693	38.39	3.05	79.92	2.08203
1497508240	1.4693	38.39	2.76	72.32	1.88399
1497508807	1.4693	38.39	2.76	72.32	1.88399
1497509088	1.4693	38.39	2.76	72.32	1.88399
1497510006	1.4693	38.39	2.76	72.32	1.88399
1497511206	.0548	39.80	.10	74.98	1.88399
1497512406	.2244	39.80	.42	74.98	1.88399
1497513606	.2560	39.80	.48	74.98	1.88399
1497514807	.3203	39.80	.60	74.98	1.88399
1497516006	.3894	39.80	.73	74.98	1.88399
1497517207	.4443	39.80	.83	74.98	1.88399
1497518408	.4587	39.80	.86	74.98	1.88399
1497519607	.4621	39.80	.87	74.98	1.88399
1497520813	.4850	39.80	.91	74.98	1.88399
1497522007	.5062	39.80	.95	74.98	1.88399
1497523206	.5194	39.80	.97	74.98	1.88399
1497524407	.5501	39.80	1.03	74.98	1.88399
1497525606	.5935	39.80	1.11	74.98	1.88399
1497526806	.6271	39.80	1.18	74.98	1.88399
1497528006	.6374	39.80	1.20	74.98	1.88399
1497529206	.6778	39.80	1.27	74.98	1.88399
1497530406	.6929	39.80	1.30	74.98	1.88399
1497531606	.7722	39.80	1.45	74.98	1.88399
1497532806	.7993	39.80	1.50	74.98	1.88399
1497534006	.8134	39.80	1.53	74.98	1.88399
1497535207	.8554	39.80	1.61	74.98	1.88399
1497536406	.8712	39.80	1.64	74.98	1.88399
1497537607	.9098	39.80	1.71	74.98	1.88399
1497538807	.9408	39.80	1.77	74.98	1.88399
1497540007	.9623	39.80	1.81	74.98	1.88399
1497541207	.9899	39.80			
1497542407	1.0058	39.80			
1497543607	1.0490	39.80			
1497544807	1.0954	39.80			
1497546007	1.1050	39.80			
1497547207	1.1337	39.80			
1497548537	1.1802	39.80			
1497549738	1.2014	39.80			
1497550938	1.2079	39.80			
1497552138	1.2079	39.80			
1497553249	1.2079	39.80	2.30	76.02	1.91013
1497553338	1.2079	39.80	2.30	76.02	1.91013
1497553636	.0543	40.96	.10	78.23	1.91013
1497554409	.0543	40.96	.10	78.23	1.91013
1497555609	.1940	40.96	.37	78.23	1.91013
1497556810	.2657	40.96	.50	78.23	1.91013
1497558015	.3331	40.96	.63	78.51	1.91692
1497559210	.3342	40.96	.64	78.51	1.91692
1497560409	.3783	40.96	.72	78.51	1.91692
1497561607	.3943	40.96	.75	78.51	1.91692
1497562811	.4509	40.96	.89	81.21	1.98291
1497564007	.4690	40.96	.92	81.21	1.98291
1497565207	.4830	40.96	.95	81.21	1.98291
1497566407	.5111	40.96	1.01	81.21	1.98291
1497567612	.5780	40.96	1.18	83.67	2.04293
1497568806	.6102	40.96	1.24	83.67	2.04293
1497570009	.6205	40.96	1.26	83.67	2.04293
1497571215	.6233	40.96	1.27	83.91	2.04862
1497572407	.7143	40.96	1.46	83.91	2.04862
1497573607	.7432	40.96	1.52	83.91	2.04862
1497574807	.8171	40.96	1.67	83.91	2.04862
1497576012	.8913	40.96	1.81	83.41	2.0364
1497577207	.9070	40.96	1.84	83.41	2.0364
1497578407	.9184	40.96	1.87	83.41	2.0364
1497579606	.9388	40.96	1.91	83.41	2.0364
1497580833	.9467	40.96	1.86	80.76	1.97182
1497582007	.9616	40.96	1.89	80.76	1.97182
1497583207	.9762	40.96	1.92	80.76	1.97182
1497584449	1.0210	40.96	2.03	81.82	1.99776
1497585607	1.0329	40.96	2.06	81.82	1.99776
1497586812	1.0853	40.96	2.16	81.82	1.99776
1497588016	1.0911	40.96	2.17	81.82	1.99776
1497589238	1.1266	40.96	2.34	85.29	2.08235
1497590413	1.1563	40.96	2.40	85.29	2.08235
1497591613	1.1821	40.96	2.46	85.29	2.08235
1497592814	1.1979	40.96	2.49	85.29	2.08235
1497594031	1.2250	40.96	2.58	86.41	2.10964
